{
 "cells": [
  {
   "cell_type": "code",
   "execution_count": 124,
   "metadata": {},
   "outputs": [],
   "source": [
    "import os\n",
    "\n",
    "import pandas as pd\n",
    "import numpy as np\n",
    "\n",
    "# viz stuff\n",
    "%matplotlib inline\n",
    "from IPython.display import display, clear_output, Markdown\n",
    "import matplotlib.pyplot as plt\n",
    "import seaborn as sns\n",
    "import plotly.graph_objs as go\n",
    "import plotly.offline as py\n",
    "#import plotly.figure_factory as ff"
   ]
  },
  {
   "cell_type": "markdown",
   "metadata": {},
   "source": [
    "# Reading in the file\n",
    "\n",
    "First up, I'm reading in just the training csv file. This is `629M` in size which is pretty big so first up I want to optimize it as much as possible using [some of these tips](https://www.dataquest.io/blog/pandas-big-data/)."
   ]
  },
  {
   "cell_type": "code",
   "execution_count": 3,
   "metadata": {},
   "outputs": [
    {
     "data": {
      "text/plain": [
       "['sample_submission_V2.csv', 'test_V2.csv', 'train_V2.csv']"
      ]
     },
     "execution_count": 3,
     "metadata": {},
     "output_type": "execute_result"
    }
   ],
   "source": [
    "path = \"../data/pubg/\"\n",
    "os.listdir(path)"
   ]
  },
  {
   "cell_type": "code",
   "execution_count": 4,
   "metadata": {},
   "outputs": [
    {
     "name": "stdout",
     "output_type": "stream",
     "text": [
      "(4446966, 29)\n"
     ]
    },
    {
     "data": {
      "text/html": [
       "<div>\n",
       "<style scoped>\n",
       "    .dataframe tbody tr th:only-of-type {\n",
       "        vertical-align: middle;\n",
       "    }\n",
       "\n",
       "    .dataframe tbody tr th {\n",
       "        vertical-align: top;\n",
       "    }\n",
       "\n",
       "    .dataframe thead th {\n",
       "        text-align: right;\n",
       "    }\n",
       "</style>\n",
       "<table border=\"1\" class=\"dataframe\">\n",
       "  <thead>\n",
       "    <tr style=\"text-align: right;\">\n",
       "      <th></th>\n",
       "      <th>Id</th>\n",
       "      <th>groupId</th>\n",
       "      <th>matchId</th>\n",
       "      <th>assists</th>\n",
       "      <th>boosts</th>\n",
       "      <th>damageDealt</th>\n",
       "      <th>DBNOs</th>\n",
       "      <th>headshotKills</th>\n",
       "      <th>heals</th>\n",
       "      <th>killPlace</th>\n",
       "      <th>...</th>\n",
       "      <th>revives</th>\n",
       "      <th>rideDistance</th>\n",
       "      <th>roadKills</th>\n",
       "      <th>swimDistance</th>\n",
       "      <th>teamKills</th>\n",
       "      <th>vehicleDestroys</th>\n",
       "      <th>walkDistance</th>\n",
       "      <th>weaponsAcquired</th>\n",
       "      <th>winPoints</th>\n",
       "      <th>winPlacePerc</th>\n",
       "    </tr>\n",
       "  </thead>\n",
       "  <tbody>\n",
       "    <tr>\n",
       "      <th>0</th>\n",
       "      <td>7f96b2f878858a</td>\n",
       "      <td>4d4b580de459be</td>\n",
       "      <td>a10357fd1a4a91</td>\n",
       "      <td>0</td>\n",
       "      <td>0</td>\n",
       "      <td>0.00</td>\n",
       "      <td>0</td>\n",
       "      <td>0</td>\n",
       "      <td>0</td>\n",
       "      <td>60</td>\n",
       "      <td>...</td>\n",
       "      <td>0</td>\n",
       "      <td>0.0000</td>\n",
       "      <td>0</td>\n",
       "      <td>0.00</td>\n",
       "      <td>0</td>\n",
       "      <td>0</td>\n",
       "      <td>244.80</td>\n",
       "      <td>1</td>\n",
       "      <td>1466</td>\n",
       "      <td>0.4444</td>\n",
       "    </tr>\n",
       "    <tr>\n",
       "      <th>1</th>\n",
       "      <td>eef90569b9d03c</td>\n",
       "      <td>684d5656442f9e</td>\n",
       "      <td>aeb375fc57110c</td>\n",
       "      <td>0</td>\n",
       "      <td>0</td>\n",
       "      <td>91.47</td>\n",
       "      <td>0</td>\n",
       "      <td>0</td>\n",
       "      <td>0</td>\n",
       "      <td>57</td>\n",
       "      <td>...</td>\n",
       "      <td>0</td>\n",
       "      <td>0.0045</td>\n",
       "      <td>0</td>\n",
       "      <td>11.04</td>\n",
       "      <td>0</td>\n",
       "      <td>0</td>\n",
       "      <td>1434.00</td>\n",
       "      <td>5</td>\n",
       "      <td>0</td>\n",
       "      <td>0.6400</td>\n",
       "    </tr>\n",
       "    <tr>\n",
       "      <th>2</th>\n",
       "      <td>1eaf90ac73de72</td>\n",
       "      <td>6a4a42c3245a74</td>\n",
       "      <td>110163d8bb94ae</td>\n",
       "      <td>1</td>\n",
       "      <td>0</td>\n",
       "      <td>68.00</td>\n",
       "      <td>0</td>\n",
       "      <td>0</td>\n",
       "      <td>0</td>\n",
       "      <td>47</td>\n",
       "      <td>...</td>\n",
       "      <td>0</td>\n",
       "      <td>0.0000</td>\n",
       "      <td>0</td>\n",
       "      <td>0.00</td>\n",
       "      <td>0</td>\n",
       "      <td>0</td>\n",
       "      <td>161.80</td>\n",
       "      <td>2</td>\n",
       "      <td>0</td>\n",
       "      <td>0.7755</td>\n",
       "    </tr>\n",
       "    <tr>\n",
       "      <th>3</th>\n",
       "      <td>4616d365dd2853</td>\n",
       "      <td>a930a9c79cd721</td>\n",
       "      <td>f1f1f4ef412d7e</td>\n",
       "      <td>0</td>\n",
       "      <td>0</td>\n",
       "      <td>32.90</td>\n",
       "      <td>0</td>\n",
       "      <td>0</td>\n",
       "      <td>0</td>\n",
       "      <td>75</td>\n",
       "      <td>...</td>\n",
       "      <td>0</td>\n",
       "      <td>0.0000</td>\n",
       "      <td>0</td>\n",
       "      <td>0.00</td>\n",
       "      <td>0</td>\n",
       "      <td>0</td>\n",
       "      <td>202.70</td>\n",
       "      <td>3</td>\n",
       "      <td>0</td>\n",
       "      <td>0.1667</td>\n",
       "    </tr>\n",
       "    <tr>\n",
       "      <th>4</th>\n",
       "      <td>315c96c26c9aac</td>\n",
       "      <td>de04010b3458dd</td>\n",
       "      <td>6dc8ff871e21e6</td>\n",
       "      <td>0</td>\n",
       "      <td>0</td>\n",
       "      <td>100.00</td>\n",
       "      <td>0</td>\n",
       "      <td>0</td>\n",
       "      <td>0</td>\n",
       "      <td>45</td>\n",
       "      <td>...</td>\n",
       "      <td>0</td>\n",
       "      <td>0.0000</td>\n",
       "      <td>0</td>\n",
       "      <td>0.00</td>\n",
       "      <td>0</td>\n",
       "      <td>0</td>\n",
       "      <td>49.75</td>\n",
       "      <td>2</td>\n",
       "      <td>0</td>\n",
       "      <td>0.1875</td>\n",
       "    </tr>\n",
       "  </tbody>\n",
       "</table>\n",
       "<p>5 rows × 29 columns</p>\n",
       "</div>"
      ],
      "text/plain": [
       "               Id         groupId         matchId  assists  boosts  \\\n",
       "0  7f96b2f878858a  4d4b580de459be  a10357fd1a4a91        0       0   \n",
       "1  eef90569b9d03c  684d5656442f9e  aeb375fc57110c        0       0   \n",
       "2  1eaf90ac73de72  6a4a42c3245a74  110163d8bb94ae        1       0   \n",
       "3  4616d365dd2853  a930a9c79cd721  f1f1f4ef412d7e        0       0   \n",
       "4  315c96c26c9aac  de04010b3458dd  6dc8ff871e21e6        0       0   \n",
       "\n",
       "   damageDealt  DBNOs  headshotKills  heals  killPlace      ...       revives  \\\n",
       "0         0.00      0              0      0         60      ...             0   \n",
       "1        91.47      0              0      0         57      ...             0   \n",
       "2        68.00      0              0      0         47      ...             0   \n",
       "3        32.90      0              0      0         75      ...             0   \n",
       "4       100.00      0              0      0         45      ...             0   \n",
       "\n",
       "   rideDistance  roadKills  swimDistance  teamKills vehicleDestroys  \\\n",
       "0        0.0000          0          0.00          0               0   \n",
       "1        0.0045          0         11.04          0               0   \n",
       "2        0.0000          0          0.00          0               0   \n",
       "3        0.0000          0          0.00          0               0   \n",
       "4        0.0000          0          0.00          0               0   \n",
       "\n",
       "   walkDistance  weaponsAcquired  winPoints  winPlacePerc  \n",
       "0        244.80                1       1466        0.4444  \n",
       "1       1434.00                5          0        0.6400  \n",
       "2        161.80                2          0        0.7755  \n",
       "3        202.70                3          0        0.1667  \n",
       "4         49.75                2          0        0.1875  \n",
       "\n",
       "[5 rows x 29 columns]"
      ]
     },
     "execution_count": 4,
     "metadata": {},
     "output_type": "execute_result"
    }
   ],
   "source": [
    "df_train = pd.read_csv(path + \"train_V2.csv\")\n",
    "print(df_train.shape)\n",
    "df_train.head()"
   ]
  },
  {
   "cell_type": "code",
   "execution_count": 67,
   "metadata": {},
   "outputs": [
    {
     "ename": "NameError",
     "evalue": "name 'df_train' is not defined",
     "output_type": "error",
     "traceback": [
      "\u001b[0;31m---------------------------------------------------------------------------\u001b[0m",
      "\u001b[0;31mNameError\u001b[0m                                 Traceback (most recent call last)",
      "\u001b[0;32m<ipython-input-67-40c6ed284717>\u001b[0m in \u001b[0;36m<module>\u001b[0;34m()\u001b[0m\n\u001b[0;32m----> 1\u001b[0;31m \u001b[0mdf_train\u001b[0m\u001b[0;34m.\u001b[0m\u001b[0misna\u001b[0m\u001b[0;34m.\u001b[0m\u001b[0msum\u001b[0m\u001b[0;34m(\u001b[0m\u001b[0;34m)\u001b[0m\u001b[0;34m\u001b[0m\u001b[0m\n\u001b[0m",
      "\u001b[0;31mNameError\u001b[0m: name 'df_train' is not defined"
     ]
    }
   ],
   "source": [
    "df_train.isna().sum()"
   ]
  },
  {
   "cell_type": "code",
   "execution_count": 36,
   "metadata": {},
   "outputs": [
    {
     "ename": "NameError",
     "evalue": "name 'df_train' is not defined",
     "output_type": "error",
     "traceback": [
      "\u001b[0;31m---------------------------------------------------------------------------\u001b[0m",
      "\u001b[0;31mNameError\u001b[0m                                 Traceback (most recent call last)",
      "\u001b[0;32m<ipython-input-36-a60fab358b04>\u001b[0m in \u001b[0;36m<module>\u001b[0;34m()\u001b[0m\n\u001b[0;32m----> 1\u001b[0;31m \u001b[0mdf_train\u001b[0m\u001b[0;34m.\u001b[0m\u001b[0minfo\u001b[0m\u001b[0;34m(\u001b[0m\u001b[0mmemory_usage\u001b[0m\u001b[0;34m=\u001b[0m\u001b[0;34m'deep'\u001b[0m\u001b[0;34m)\u001b[0m\u001b[0;34m\u001b[0m\u001b[0m\n\u001b[0m",
      "\u001b[0;31mNameError\u001b[0m: name 'df_train' is not defined"
     ]
    }
   ],
   "source": [
    "df_train.info(memory_usage='deep')"
   ]
  },
  {
   "cell_type": "markdown",
   "metadata": {},
   "source": [
    "So we have a dataframe using two gigabytes of memory! Which is more than my laptop running jupyter inside a VM can handle well. So first up, pandas has cast most of the columns into int64 or object types, which takes up more memory than we actually need to store the kind of data we have."
   ]
  },
  {
   "cell_type": "code",
   "execution_count": 8,
   "metadata": {},
   "outputs": [
    {
     "name": "stdout",
     "output_type": "stream",
     "text": [
      "Average memory usage for float columns: 29.08 MB\n",
      "Average memory usage for int columns: 32.23 MB\n",
      "Average memory usage for object columns: 235.18 MB\n"
     ]
    }
   ],
   "source": [
    "for dtype in ['float','int','object']:\n",
    "    selected_dtype = df_train.select_dtypes(include=[dtype])\n",
    "    mean_usage_b = selected_dtype.memory_usage(deep=True).mean()\n",
    "    mean_usage_mb = mean_usage_b / 1024 ** 2\n",
    "    print(\"Average memory usage for {} columns: {:03.2f} MB\".format(dtype,mean_usage_mb))"
   ]
  },
  {
   "cell_type": "code",
   "execution_count": 11,
   "metadata": {},
   "outputs": [],
   "source": [
    "def reduce_mem_usage(df):\n",
    "    \"\"\" iterate through all the columns of a dataframe and modify the data type\n",
    "        to reduce memory usage.        \n",
    "    \"\"\"\n",
    "    #start_mem = df.memory_usage().sum() / 1024**2\n",
    "    #print('Memory usage of dataframe is {:.2f} MB'.format(start_mem))\n",
    "\n",
    "    for col in df.columns:\n",
    "        col_type = df[col].dtype\n",
    "\n",
    "        if col_type != object:\n",
    "            c_min = df[col].min()\n",
    "            c_max = df[col].max()\n",
    "            if str(col_type)[:3] == 'int':\n",
    "                if c_min > np.iinfo(np.int8).min and c_max < np.iinfo(np.int8).max:\n",
    "                    df[col] = df[col].astype(np.int8)\n",
    "                elif c_min > np.iinfo(np.int16).min and c_max < np.iinfo(np.int16).max:\n",
    "                    df[col] = df[col].astype(np.int16)\n",
    "                elif c_min > np.iinfo(np.int32).min and c_max < np.iinfo(np.int32).max:\n",
    "                    df[col] = df[col].astype(np.int32)\n",
    "                elif c_min > np.iinfo(np.int64).min and c_max < np.iinfo(np.int64).max:\n",
    "                    df[col] = df[col].astype(np.int64)  \n",
    "            else:\n",
    "                if c_min > np.finfo(np.float16).min and c_max < np.finfo(np.float16).max:\n",
    "                    df[col] = df[col].astype(np.float16)\n",
    "                elif c_min > np.finfo(np.float32).min and c_max < np.finfo(np.float32).max:\n",
    "                    df[col] = df[col].astype(np.float32)\n",
    "                else:\n",
    "                    df[col] = df[col].astype(np.float64)\n",
    "\n",
    "    #end_mem = df.memory_usage().sum() / 1024**2\n",
    "    #print('Memory usage after optimization is: {:.2f} MB'.format(end_mem))\n",
    "    #print('Decreased by {:.1f}%'.format(100 * (start_mem - end_mem) / start_mem))\n",
    "\n",
    "    return df"
   ]
  },
  {
   "cell_type": "code",
   "execution_count": 17,
   "metadata": {},
   "outputs": [
    {
     "name": "stdout",
     "output_type": "stream",
     "text": [
      "<class 'pandas.core.frame.DataFrame'>\n",
      "RangeIndex: 4446966 entries, 0 to 4446965\n",
      "Data columns (total 29 columns):\n",
      "Id                 object\n",
      "groupId            object\n",
      "matchId            object\n",
      "assists            int8\n",
      "boosts             int8\n",
      "damageDealt        float16\n",
      "DBNOs              int8\n",
      "headshotKills      int8\n",
      "heals              int8\n",
      "killPlace          int8\n",
      "killPoints         int16\n",
      "kills              int8\n",
      "killStreaks        int8\n",
      "longestKill        float16\n",
      "matchDuration      int16\n",
      "matchType          object\n",
      "maxPlace           int8\n",
      "numGroups          int8\n",
      "rankPoints         int16\n",
      "revives            int8\n",
      "rideDistance       float16\n",
      "roadKills          int8\n",
      "swimDistance       float16\n",
      "teamKills          int8\n",
      "vehicleDestroys    int8\n",
      "walkDistance       float16\n",
      "weaponsAcquired    int16\n",
      "winPoints          int16\n",
      "winPlacePerc       float16\n",
      "dtypes: float16(6), int16(5), int8(14), object(4)\n",
      "memory usage: 1.3 GB\n"
     ]
    }
   ],
   "source": [
    "df = reduce_mem_usage(df_train)\n",
    "df.info(memory_usage='deep')"
   ]
  },
  {
   "cell_type": "markdown",
   "metadata": {},
   "source": [
    "So now we're down to 1.3gb from 2gb. The four object cols are still taking up ~235MB each so taking a look at those, the matchType can be converted to a category type:"
   ]
  },
  {
   "cell_type": "code",
   "execution_count": 18,
   "metadata": {},
   "outputs": [
    {
     "data": {
      "text/html": [
       "<div>\n",
       "<style scoped>\n",
       "    .dataframe tbody tr th:only-of-type {\n",
       "        vertical-align: middle;\n",
       "    }\n",
       "\n",
       "    .dataframe tbody tr th {\n",
       "        vertical-align: top;\n",
       "    }\n",
       "\n",
       "    .dataframe thead th {\n",
       "        text-align: right;\n",
       "    }\n",
       "</style>\n",
       "<table border=\"1\" class=\"dataframe\">\n",
       "  <thead>\n",
       "    <tr style=\"text-align: right;\">\n",
       "      <th></th>\n",
       "      <th>Id</th>\n",
       "      <th>groupId</th>\n",
       "      <th>matchId</th>\n",
       "      <th>matchType</th>\n",
       "    </tr>\n",
       "  </thead>\n",
       "  <tbody>\n",
       "    <tr>\n",
       "      <th>count</th>\n",
       "      <td>4446966</td>\n",
       "      <td>4446966</td>\n",
       "      <td>4446966</td>\n",
       "      <td>4446966</td>\n",
       "    </tr>\n",
       "    <tr>\n",
       "      <th>unique</th>\n",
       "      <td>4446966</td>\n",
       "      <td>2026745</td>\n",
       "      <td>47965</td>\n",
       "      <td>16</td>\n",
       "    </tr>\n",
       "    <tr>\n",
       "      <th>top</th>\n",
       "      <td>6c76be1f50f168</td>\n",
       "      <td>14d6b54cdec6bc</td>\n",
       "      <td>405b6810a8a869</td>\n",
       "      <td>squad-fpp</td>\n",
       "    </tr>\n",
       "    <tr>\n",
       "      <th>freq</th>\n",
       "      <td>1</td>\n",
       "      <td>74</td>\n",
       "      <td>100</td>\n",
       "      <td>1756186</td>\n",
       "    </tr>\n",
       "  </tbody>\n",
       "</table>\n",
       "</div>"
      ],
      "text/plain": [
       "                    Id         groupId         matchId  matchType\n",
       "count          4446966         4446966         4446966    4446966\n",
       "unique         4446966         2026745           47965         16\n",
       "top     6c76be1f50f168  14d6b54cdec6bc  405b6810a8a869  squad-fpp\n",
       "freq                 1              74             100    1756186"
      ]
     },
     "execution_count": 18,
     "metadata": {},
     "output_type": "execute_result"
    }
   ],
   "source": [
    "df_obj = df.select_dtypes(include=['object']).copy()\n",
    "df_obj.describe()"
   ]
  },
  {
   "cell_type": "code",
   "execution_count": 19,
   "metadata": {},
   "outputs": [
    {
     "name": "stdout",
     "output_type": "stream",
     "text": [
      "<class 'pandas.core.frame.DataFrame'>\n",
      "RangeIndex: 4446966 entries, 0 to 4446965\n",
      "Data columns (total 29 columns):\n",
      "Id                 object\n",
      "groupId            object\n",
      "matchId            object\n",
      "assists            int8\n",
      "boosts             int8\n",
      "damageDealt        float16\n",
      "DBNOs              int8\n",
      "headshotKills      int8\n",
      "heals              int8\n",
      "killPlace          int8\n",
      "killPoints         int16\n",
      "kills              int8\n",
      "killStreaks        int8\n",
      "longestKill        float16\n",
      "matchDuration      int16\n",
      "matchType          category\n",
      "maxPlace           int8\n",
      "numGroups          int8\n",
      "rankPoints         int16\n",
      "revives            int8\n",
      "rideDistance       float16\n",
      "roadKills          int8\n",
      "swimDistance       float16\n",
      "teamKills          int8\n",
      "vehicleDestroys    int8\n",
      "walkDistance       float16\n",
      "weaponsAcquired    int16\n",
      "winPoints          int16\n",
      "winPlacePerc       float16\n",
      "dtypes: category(1), float16(6), int16(5), int8(14), object(3)\n",
      "memory usage: 1.0 GB\n"
     ]
    }
   ],
   "source": [
    "df[\"matchType\"] = df[\"matchType\"].astype('category')\n",
    "df.info(memory_usage='deep')"
   ]
  },
  {
   "cell_type": "markdown",
   "metadata": {},
   "source": [
    "Great, we've gone from 2gb memory use to 1gb. So moving on..\n",
    "\n",
    "# EDA\n",
    "\n",
    "Using only the first 5000 rows to speed things up while I figure out what plots are useful"
   ]
  },
  {
   "cell_type": "code",
   "execution_count": 111,
   "metadata": {},
   "outputs": [
    {
     "data": {
      "text/plain": [
       "(5000, 29)"
      ]
     },
     "execution_count": 111,
     "metadata": {},
     "output_type": "execute_result"
    }
   ],
   "source": [
    "df = df.iloc[:8000]\n",
    "df.shape"
   ]
  },
  {
   "cell_type": "code",
   "execution_count": 112,
   "metadata": {},
   "outputs": [
    {
     "data": {
      "text/plain": [
       "Index(['Id', 'groupId', 'matchId', 'assists', 'boosts', 'damageDealt', 'DBNOs',\n",
       "       'headshotKills', 'heals', 'killPlace', 'killPoints', 'kills',\n",
       "       'killStreaks', 'longestKill', 'matchDuration', 'matchType', 'maxPlace',\n",
       "       'numGroups', 'rankPoints', 'revives', 'rideDistance', 'roadKills',\n",
       "       'swimDistance', 'teamKills', 'vehicleDestroys', 'walkDistance',\n",
       "       'weaponsAcquired', 'winPoints', 'winPlacePerc'],\n",
       "      dtype='object')"
      ]
     },
     "execution_count": 112,
     "metadata": {},
     "output_type": "execute_result"
    }
   ],
   "source": [
    "df.columns"
   ]
  },
  {
   "cell_type": "code",
   "execution_count": 120,
   "metadata": {},
   "outputs": [
    {
     "data": {
      "application/vnd.plotly.v1+json": {
       "data": [
        {
         "type": "heatmap",
         "uid": "e4a77e96-e151-11e8-8a21-cf91508bbe9a",
         "x": [
          "assists",
          "boosts",
          "damageDealt",
          "DBNOs",
          "headshotKills",
          "heals",
          "killPlace",
          "killPoints",
          "kills",
          "killStreaks",
          "longestKill",
          "matchDuration",
          "maxPlace",
          "numGroups",
          "rankPoints",
          "revives",
          "rideDistance",
          "roadKills",
          "swimDistance",
          "teamKills",
          "vehicleDestroys",
          "walkDistance",
          "weaponsAcquired",
          "winPoints",
          "winPlacePerc"
         ],
         "y": [
          "assists",
          "boosts",
          "damageDealt",
          "DBNOs",
          "headshotKills",
          "heals",
          "killPlace",
          "killPoints",
          "kills",
          "killStreaks",
          "longestKill",
          "matchDuration",
          "maxPlace",
          "numGroups",
          "rankPoints",
          "revives",
          "rideDistance",
          "roadKills",
          "swimDistance",
          "teamKills",
          "vehicleDestroys",
          "walkDistance",
          "weaponsAcquired",
          "winPoints",
          "winPlacePerc"
         ],
         "z": [
          [
           1,
           0.2958301893826185,
           0.39887774260246756,
           0.29894435443613965,
           0.2114467562984185,
           0.2589057341225111,
           -0.2888355678449372,
           0.0030109505836163585,
           0.31131764102621884,
           0.2548286928749849,
           0.2806921361362232,
           -0.013442538411833998,
           -0.1383209401234645,
           -0.1369977589954298,
           0.011577468730193474,
           0.22272939810287148,
           0.13341735857708298,
           0.07720157262315719,
           0.014377320221047152,
           0.016635882651160734,
           0.03791882590641279,
           0.2829812834295649,
           0.2340357522167308,
           -0.004752112439140893,
           0.29585754507293915
          ],
          [
           0.2958301893826185,
           1,
           0.5293362759242453,
           0.35526288246334015,
           0.35588285943755094,
           0.5450038023465659,
           -0.5561890019593703,
           -0.008918387542112317,
           0.5202226694035611,
           0.41806762002836256,
           0.42993469272841445,
           0.08384321837515829,
           0.0073772585442266145,
           0.009013510457143669,
           0.038913921205158235,
           0.274530244079745,
           0.3418840572404167,
           0.05457556504320023,
           0.09012977947054261,
           0.03239425094683044,
           0.13626371891146422,
           0.6480930989005297,
           0.4333853301534407,
           -0.02171762080376089,
           0.6420327697469852
          ],
          [
           0.39887774260246756,
           0.5293362759242453,
           1,
           0.7383691020667047,
           0.6379840258156926,
           0.3505058621069865,
           -0.6871480119991307,
           0.03165955533668791,
           0.8960468266882976,
           0.7139393676633266,
           0.5781436469536992,
           -0.0010213109885832852,
           -0.01243628549181035,
           -0.012384309488844789,
           0.011144728218679198,
           0.2672347135524518,
           0.1522531387526086,
           0.07593546402797106,
           0.009885185558526766,
           -0.005517810411202488,
           0.09377191257417967,
           0.41527858475025603,
           0.33732217929237696,
           0.005549628817680824,
           0.45944747994721563
          ],
          [
           0.29894435443613965,
           0.35526288246334015,
           0.7383691020667047,
           1,
           0.4871214364695991,
           0.26921408073799,
           -0.5608091529302337,
           0.04281722140534017,
           0.7113272182824352,
           0.6601513829970768,
           0.463079899049828,
           -0.01528610978548461,
           -0.2614760897661165,
           -0.2596877204652209,
           -0.007180809751348772,
           0.2987504091297242,
           0.10124837302638312,
           0.0585210932793322,
           0.0036876073252037392,
           0.06497772023089143,
           0.08018245533339431,
           0.2995265560737133,
           0.21058425588766153,
           0.014916927765068819,
           0.2933452342274067
          ],
          [
           0.2114467562984185,
           0.35588285943755094,
           0.6379840258156926,
           0.4871214364695991,
           1,
           0.2225861716924703,
           -0.49281585070013,
           0.008325107962895586,
           0.6936427285921819,
           0.5300689828777309,
           0.45508428799941797,
           -0.02206313360985211,
           0.02401350656250878,
           0.024190033957844838,
           0.01568244882042328,
           0.13381274211713212,
           0.09139149888806551,
           0.04041309607121969,
           0.012390870025276963,
           -0.008947112997087602,
           0.052496698297136275,
           0.27661858308112997,
           0.22310104573124676,
           -0.005602578097263629,
           0.31047050538492255
          ],
          [
           0.2589057341225111,
           0.5450038023465659,
           0.3505058621069865,
           0.26921408073799,
           0.2225861716924703,
           1,
           -0.4055037561770619,
           -0.0016980443619244987,
           0.31416489751696747,
           0.2897552489332979,
           0.2721667290032931,
           0.11978687906293996,
           -0.06871235296877848,
           -0.06790600376703627,
           0.01802007284023373,
           0.24047584956101423,
           0.3228018338008254,
           0.03278260912305596,
           0.05827080946313899,
           0.06535410040193747,
           0.12226338665859257,
           0.4518201676851352,
           0.33107613654243545,
           -0.006656126749375509,
           0.4451352928167663
          ],
          [
           -0.2888355678449372,
           -0.5561890019593703,
           -0.6871480119991307,
           -0.5608091529302337,
           -0.49281585070013,
           -0.4055037561770619,
           1,
           0.0038851382106259657,
           -0.738098294509513,
           -0.8167974798866675,
           -0.5523019829288643,
           -0.009541133398763845,
           -0.0039183558195723285,
           -0.0031738129190518496,
           -0.0380581863293025,
           -0.28453686540606093,
           -0.23987187678238145,
           -0.0629552928849648,
           -0.06848032011878902,
           -0.021925386497045667,
           -0.08544311926331803,
           -0.6006071274149531,
           -0.5041039185664238,
           0.020534239841167604,
           -0.7323583098097808
          ],
          [
           0.0030109505836163585,
           -0.008918387542112317,
           0.03165955533668791,
           0.04281722140534017,
           0.008325107962895586,
           -0.0016980443619244987,
           0.0038851382106259657,
           1,
           0.015618570021526886,
           0.007530243920370212,
           0.005231595337004162,
           -0.10856287108424388,
           -0.05105034987768276,
           -0.049975443386395764,
           -0.9759244727493736,
           0.008939033185755438,
           -0.03778997037104436,
           0.016845977430909473,
           -0.0029442473182089983,
           -0.042513444488584566,
           -0.03430514277557894,
           -0.029316668410298122,
           -0.03285146715623903,
           0.9833459672875716,
           -0.020823940958625258
          ],
          [
           0.31131764102621884,
           0.5202226694035611,
           0.8960468266882976,
           0.7113272182824352,
           0.6936427285921819,
           0.31416489751696747,
           -0.738098294509513,
           0.015618570021526886,
           1,
           0.8085598454386557,
           0.6182305729183891,
           -0.02877768439870904,
           0.02795075943838374,
           0.028549585688632258,
           0.024367685254427632,
           0.25265019420760565,
           0.11702638638586013,
           0.0762697636227184,
           0.016201863783380625,
           -0.00281379962488465,
           0.09563546211451163,
           0.39851535229327933,
           0.3242970259109542,
           -0.008624432711082937,
           0.44503179110980584
          ],
          [
           0.2548286928749849,
           0.41806762002836256,
           0.7139393676633266,
           0.6601513829970768,
           0.5300689828777309,
           0.2897552489332979,
           -0.8167974798866675,
           0.007530243920370212,
           0.8085598454386557,
           1,
           0.5426411155384113,
           -0.030171585165049492,
           -0.02190683887265905,
           -0.020763172532559583,
           0.02749415687391864,
           0.25633290162210165,
           0.1109406076319307,
           0.060937732439498946,
           0.01441327899686707,
           0.011866561803798737,
           0.0871316449146139,
           0.34807238826354725,
           0.2902259152416519,
           -0.01507402404486681,
           0.4014362269071301
          ],
          [
           0.2806921361362232,
           0.42993469272841445,
           0.5781436469536992,
           0.463079899049828,
           0.45508428799941797,
           0.2721667290032931,
           -0.5523019829288643,
           0.005231595337004162,
           0.6182305729183891,
           0.5426411155384113,
           1,
           0.058520493945912966,
           0.0008716594820308179,
           0.002180732550817611,
           0.02275863007259783,
           0.19169173549893725,
           0.2086059706860369,
           0.10562956148457862,
           0.03502243796055483,
           7.835240586225991e-05,
           0.0962990827657832,
           0.41270675141662877,
           0.2730572492088332,
           -0.009877382990155163,
           0.41545142884773967
          ],
          [
           -0.013442538411833998,
           0.08384321837515829,
           -0.0010213109885832852,
           -0.01528610978548461,
           -0.02206313360985211,
           0.11978687906293996,
           -0.009541133398763845,
           -0.10856287108424388,
           -0.02877768439870904,
           -0.030171585165049492,
           0.058520493945912966,
           1,
           0.041808393923355815,
           0.03319374707440692,
           0.09777574734198406,
           0.02586730797653367,
           0.36217654339159466,
           0.04405393455711536,
           0.017081472042246613,
           0.058994954104561695,
           0.08284114985543124,
           0.13401876303014978,
           0.14567230121380814,
           -0.09300537381229179,
           -0.0011655093053757981
          ],
          [
           -0.1383209401234645,
           0.0073772585442266145,
           -0.01243628549181035,
           -0.2614760897661165,
           0.02401350656250878,
           -0.06871235296877848,
           -0.0039183558195723285,
           -0.05105034987768276,
           0.02795075943838374,
           -0.02190683887265905,
           0.0008716594820308179,
           0.041808393923355815,
           1,
           0.9980735240930969,
           0.0549751025794791,
           -0.16115959744905203,
           -0.05961693900802039,
           0.01566696749981759,
           -0.008000992870928418,
           -0.061786969781774295,
           -0.014891094924986798,
           -0.07166029949286394,
           -0.04260202034543398,
           -0.03536379694080302,
           0.045012031210554214
          ],
          [
           -0.1369977589954298,
           0.009013510457143669,
           -0.012384309488844789,
           -0.2596877204652209,
           0.024190033957844838,
           -0.06790600376703627,
           -0.0031738129190518496,
           -0.049975443386395764,
           0.028549585688632258,
           -0.020763172532559583,
           0.002180732550817611,
           0.03319374707440692,
           0.9980735240930969,
           1,
           0.05473770344905238,
           -0.15931189196995293,
           -0.0606186366389699,
           0.015429689904057173,
           -0.008097301785974722,
           -0.06138757069160386,
           -0.015369612650124183,
           -0.06993439839844406,
           -0.0425106987961649,
           -0.03498535684146201,
           0.04857395828596977
          ],
          [
           0.011577468730193474,
           0.038913921205158235,
           0.011144728218679198,
           -0.007180809751348772,
           0.01568244882042328,
           0.01802007284023373,
           -0.0380581863293025,
           -0.9759244727493736,
           0.024367685254427632,
           0.02749415687391864,
           0.02275863007259783,
           0.09777574734198406,
           0.0549751025794791,
           0.05473770344905238,
           1,
           0.004274608053711457,
           0.04852563402191234,
           -0.013943410119518048,
           0.00023332057368107736,
           0.04279571078028613,
           0.038604301205665964,
           0.048986685859434866,
           0.0428077327634658,
           -0.9942370154098739,
           0.046073669458674936
          ],
          [
           0.22272939810287148,
           0.274530244079745,
           0.2672347135524518,
           0.2987504091297242,
           0.13381274211713212,
           0.24047584956101423,
           -0.28453686540606093,
           0.008939033185755438,
           0.25265019420760565,
           0.25633290162210165,
           0.19169173549893725,
           0.02586730797653367,
           -0.16115959744905203,
           -0.15931189196995293,
           0.004274608053711457,
           1,
           0.10999666572230413,
           0.012451638900623261,
           0.013145834165604033,
           0.0329148169369426,
           0.05221281546765763,
           0.2669444802699666,
           0.19134903388860672,
           -3.074364425076848e-05,
           0.25724700564122804
          ],
          [
           0.13341735857708298,
           0.3418840572404167,
           0.1522531387526086,
           0.10124837302638312,
           0.09139149888806551,
           0.3228018338008254,
           -0.23987187678238145,
           -0.03778997037104436,
           0.11702638638586013,
           0.1109406076319307,
           0.2086059706860369,
           0.36217654339159466,
           -0.05961693900802039,
           -0.0606186366389699,
           0.04852563402191234,
           0.10999666572230413,
           1,
           0.08974167881145341,
           0.05241697161017997,
           0.05435032519859585,
           0.16128151685449446,
           0.3102754291583477,
           0.3022488253372263,
           -0.03714737106955245,
           0.34383539937959323
          ],
          [
           0.07720157262315719,
           0.05457556504320023,
           0.07593546402797106,
           0.0585210932793322,
           0.04041309607121969,
           0.03278260912305596,
           -0.0629552928849648,
           0.016845977430909473,
           0.0762697636227184,
           0.060937732439498946,
           0.10562956148457862,
           0.04405393455711536,
           0.01566696749981759,
           0.015429689904057173,
           -0.013943410119518048,
           0.012451638900623261,
           0.08974167881145341,
           1,
           -0.003828241029434642,
           -0.008034993098492729,
           0.031240869848813455,
           0.021838363057980287,
           0.03706246572949651,
           0.014725881301394798,
           0.0393639917377751
          ],
          [
           0.014377320221047152,
           0.09012977947054261,
           0.009885185558526766,
           0.0036876073252037392,
           0.012390870025276963,
           0.05827080946313899,
           -0.06848032011878902,
           -0.0029442473182089983,
           0.016201863783380625,
           0.01441327899686707,
           0.03502243796055483,
           0.017081472042246613,
           -0.008000992870928418,
           -0.008097301785974722,
           0.00023332057368107736,
           0.013145834165604033,
           0.05241697161017997,
           -0.003828241029434642,
           1,
           0.025242341894747566,
           -0.00505705537812845,
           0.14807690395972845,
           0.06578706273525949,
           0.0006185774214325758,
           0.137198729686371
          ],
          [
           0.016635882651160734,
           0.03239425094683044,
           -0.005517810411202488,
           0.06497772023089143,
           -0.008947112997087602,
           0.06535410040193747,
           -0.021925386497045667,
           -0.042513444488584566,
           -0.00281379962488465,
           0.011866561803798737,
           7.835240586225991e-05,
           0.058994954104561695,
           -0.061786969781774295,
           -0.06138757069160386,
           0.04279571078028613,
           0.0329148169369426,
           0.05435032519859585,
           -0.008034993098492729,
           0.025242341894747566,
           1,
           0.0887896191715361,
           0.04123714935623859,
           0.04570139618949603,
           -0.04516261248811645,
           0.020719046555403554
          ],
          [
           0.03791882590641279,
           0.13626371891146422,
           0.09377191257417967,
           0.08018245533339431,
           0.052496698297136275,
           0.12226338665859257,
           -0.08544311926331803,
           -0.03430514277557894,
           0.09563546211451163,
           0.0871316449146139,
           0.0962990827657832,
           0.08284114985543124,
           -0.014891094924986798,
           -0.015369612650124183,
           0.038604301205665964,
           0.05221281546765763,
           0.16128151685449446,
           0.031240869848813455,
           -0.00505705537812845,
           0.0887896191715361,
           1,
